D:/Data/data_zero/benchmark/tiger.mat
[[0.777      0.71099997 0.812     ]
 [0.518      0.446      0.458     ]
 [0.792      0.681      0.804     ]
 [0.803      0.729      0.83100003]
 [0.816      0.748      0.82799995]
 [0.78999996 0.69200003 0.805     ]
 [0.81500006 0.75499994 0.8320001 ]]
[[0.75623447 0.6665889  0.76492065]
 [0.27088886 0.40787405 0.4217332 ]
 [0.78466827 0.6728649  0.8024662 ]
 [0.7944726  0.72308475 0.82585746]
 [0.803438   0.7337602  0.8218058 ]
 [0.78439105 0.6840472  0.8053276 ]
 [0.80259085 0.74451447 0.8301344 ]]



[[0.7990001  0.725      0.80999994]
 [0.54499996 0.45100003 0.46099997]
 [0.79200006 0.694      0.8019999 ]
 [0.821      0.73800004 0.83000004]
 [0.818      0.763      0.82400006]
 [0.801      0.702      0.813     ]
 [0.83000004 0.761      0.8360001 ]]
[[0.77307725 0.69198656 0.7684936 ]
 [0.51179177 0.3744059  0.38399822]
 [0.79512584 0.6954006  0.8026829 ]
 [0.8150097  0.7322643  0.8237747 ]
 [0.8063804  0.7466058  0.8170997 ]
 [0.8059891  0.7011213  0.8171166 ]
 [0.82201385 0.7430864  0.83394545]]



[[0.792      0.73200005 0.804     ]
 [0.525      0.44100004 0.454     ]
 [0.76899993 0.6909999  0.79700005]
 [0.813      0.743      0.83199996]
 [0.81000006 0.735      0.81799996]
 [0.778      0.68899995 0.807     ]
 [0.8219999  0.746      0.82699996]]
[[0.770199   0.67088735 0.7510057 ]
 [0.48783198 0.36818358 0.380113  ]
 [0.7737014  0.69005525 0.8033484 ]
 [0.80722666 0.73235965 0.8313899 ]
 [0.8030962  0.72845185 0.81820804]
 [0.7834166  0.6865319  0.8125097 ]
 [0.81584394 0.74118865 0.82599866]]



[[0.76699996 0.68200004 0.794     ]
 [0.51400006 0.50600004 0.51600003]
 [0.781      0.69600004 0.785     ]
 [0.80999994 0.70699996 0.8349999 ]
 [0.813      0.711      0.833     ]
 [0.78900003 0.71000004 0.7929999 ]
 [0.824      0.733      0.83799994]]
[[0.7685618  0.6351924  0.7596878 ]
 [0.48644224 0.59698975 0.6067752 ]
 [0.7889111  0.68721735 0.7897295 ]
 [0.8065733  0.7040657  0.836438  ]
 [0.81042385 0.7108233  0.836002  ]
 [0.79642075 0.7068904  0.7977162 ]
 [0.8208267  0.7247652  0.8397527 ]]



[[0.7900001  0.692      0.78999996]
 [0.541      0.491      0.502     ]
 [0.771      0.686      0.79200006]
 [0.8230001  0.728      0.83500004]
 [0.82       0.73800004 0.834     ]
 [0.776      0.68500006 0.788     ]
 [0.82600003 0.727      0.84300005]]
[[0.7857542  0.6423136  0.74604464]
 [0.35216933 0.58823335 0.59746563]
 [0.7835349  0.68332565 0.7953784 ]
 [0.8167337  0.7258447  0.8360364 ]
 [0.8152445  0.7307675  0.8349396 ]
 [0.78814244 0.68353    0.79243505]
 [0.8205187  0.706487   0.84417903]]



[[0.793      0.71400005 0.79399997]
 [0.533      0.47199997 0.487     ]
 [0.769      0.7070001  0.794     ]
 [0.82600003 0.73700005 0.83300006]
 [0.825      0.72700006 0.8299999 ]
 [0.7749999  0.696      0.803     ]
 [0.83199996 0.737      0.83599997]]
[[0.7713248  0.6466406  0.7558374 ]
 [0.36199978 0.52475375 0.54085195]
 [0.77521074 0.6955446  0.79651034]
 [0.81651103 0.723222   0.83175534]
 [0.8130453  0.7087943  0.82821673]
 [0.78381765 0.6869321  0.8076066 ]
 [0.82223195 0.71841073 0.834231  ]]



[[0.7860001  0.70100003 0.78999996]
 [0.5429999  0.453      0.467     ]
 [0.781      0.733      0.78499997]
 [0.81700003 0.71900004 0.838     ]
 [0.82800007 0.74799997 0.838     ]
 [0.78200006 0.70800006 0.787     ]
 [0.827      0.73100007 0.842     ]]
[[0.7793889  0.646239   0.74340504]
 [0.5184142  0.5258428  0.53928006]
 [0.7868185  0.7302116  0.78731805]
 [0.8068565  0.7077982  0.8327705 ]
 [0.81697476 0.73263806 0.83289176]
 [0.7876524  0.69977343 0.7879592 ]
 [0.8155171  0.7132795  0.83580554]]



[[0.777      0.709      0.792     ]
 [0.542      0.50299996 0.51299995]
 [0.782      0.678      0.798     ]
 [0.81900007 0.72       0.82400006]
 [0.82000005 0.71500003 0.825     ]
 [0.786      0.696      0.80600005]
 [0.8230001  0.729      0.831     ]]
[[0.73325783 0.6476394  0.73872584]
 [0.3908894  0.6070735  0.61697066]
 [0.7851383  0.68428594 0.8011092 ]
 [0.8089647  0.70545864 0.8228949 ]
 [0.8120661  0.707912   0.8251256 ]
 [0.78818774 0.70266706 0.8088068 ]
 [0.8141009  0.7167212  0.8297566 ]]



[[0.788      0.687      0.796     ]
 [0.506      0.505      0.52      ]
 [0.763      0.66800004 0.80200005]
 [0.822      0.723      0.831     ]
 [0.8230001  0.72700006 0.83500004]
 [0.763      0.70600003 0.809     ]
 [0.82400006 0.734      0.837     ]]
[[0.76021296 0.6290926  0.74672073]
 [0.43608198 0.6276126  0.6433585 ]
 [0.77421296 0.6633504  0.8088546 ]
 [0.8135268  0.71075046 0.8315657 ]
 [0.81461984 0.71523905 0.83709687]
 [0.77274764 0.69919    0.81487656]
 [0.81448543 0.72479445 0.8373499 ]]



[[0.788      0.70400006 0.788     ]
 [0.518      0.49299997 0.50699997]
 [0.778      0.6769999  0.783     ]
 [0.81900007 0.72699994 0.827     ]
 [0.822      0.71999997 0.83000004]
 [0.77900004 0.682      0.78999996]
 [0.82000005 0.7010001  0.834     ]]
[[0.7847367  0.64950603 0.74141294]
 [0.43136233 0.626751   0.6378139 ]
 [0.7922038  0.67205995 0.78621656]
 [0.8121904  0.7234358  0.8284232 ]
 [0.81587523 0.7140781  0.83180296]
 [0.7934391  0.6816794  0.79510474]
 [0.8131275  0.69485843 0.8374524 ]]